0 0 0 0 0 0 0 0 0 0 0 0 0 0 0 0 0 0 0 0 0 0 0 0 0 0 0 0 0 0 0 0 0 0 0 0 0 0 0 0 0 0 0 0 0 0 0 0 0 0 0 0 0 0 0 0 0 0 0 0 0 0 0 0 0 0 0 0 0 0 0 0 0 0 0 0 0 0 0 0 0 0 0 0 0 0 0 0 0 0 0 0 0 0 0 0 0 0 0 0 0 0 0 0 0 0 0 0 0 0 0 0 0 0 0 0 0 0 0 0 0 0 0 0 0.04313725606 0.5882353187 0.9921568632 0.7921568751 0.1215686277 0 0 0 0 0 0 0 0 0 0 0 0 0 0 0 0 0 0 0 0 0 0 0 0.1450980455 0.9843137264 0.9843137264 0.9921568632 0.4196078479 0 0 0 0 0 0 0 0 0 0 0 0 0 0 0 0 0 0 0 0 0 0 0.08235294372 0.7725490332 0.9843137264 0.9843137264 0.9921568632 0.4196078479 0 0 0 0 0 0 0 0 0 0 0 0 0 0 0 0 0 0 0 0 0 0.4313725531 0.7450980544 0.9843137264 0.9843137264 0.9843137264 0.9921568632 0.6627451181 0.4274509847 0.2431372553 0 0 0 0 0 0 0 0 0 0 0 0 0 0 0 0 0 0 0 0.9921568632 0.9843137264 0.9843137264 0.9843137264 0.9843137264 0.9921568632 0.9843137264 0.9843137264 0.8627451062 0.200000003 0 0 0 0 0 0 0 0 0 0 0 0 0 0 0 0 0 0.7137255073 1 0.9921568632 0.9921568632 0.9921568632 0.9921568632 0.9176470637 0.870588243 0.9921568632 0.9921568632 0.9921568632 0 0 0 0 0 0 0 0 0 0 0 0 0 0 0 0 0.2470588237 0.8666666746 0.9921568632 0.9843137264 0.9843137264 0.9843137264 0.5764706135 0.3019607961 0.2431372553 0.501960814 0.9843137264 0.9843137264 0.4117647111 0 0 0 0 0 0 0 0 0 0 0 0 0 0 0.1254902035 0.9058823586 0.9843137264 0.9921568632 0.9843137264 0.8627451062 0.5372549295 0.03921568766 0 0 0.1215686277 0.9019607902 0.9843137264 0.9529411793 0.4431372583 0.01960784383 0 0 0 0 0 0 0 0 0 0 0 0 0.1450980455 0.9843137264 0.9843137264 0.9921568632 0.7372549176 0.07843137532 0 0 0 0 0 0.4274509847 0.9843137264 0.9921568632 0.9843137264 0.1372549087 0 0 0 0 0 0 0 0 0 0 0 0 0.1450980455 0.9843137264 0.9843137264 0.7882353067 0.1176470593 0 0 0 0 0 0 0.1215686277 0.7843137383 0.9921568632 0.9843137264 0.1372549087 0 0 0 0 0 0 0 0 0 0 0 0 0.1450980455 0.9921568632 0.9921568632 0 0 0 0 0 0 0 0 0.1254902035 0.7921568751 1 0.9921568632 0.6431372762 0 0 0 0 0 0 0 0 0 0 0 0 0.5490196347 0.9843137264 0.9843137264 0 0 0 0 0 0 0 0 0.4274509847 0.9843137264 0.9921568632 0.9843137264 0.1372549087 0 0 0 0 0 0 0 0 0 0 0 0 0.850980401 0.9843137264 0.9843137264 0 0 0 0 0 0 0.08235294372 0.2470588237 0.9058823586 0.9843137264 0.9921568632 0.9019607902 0.1176470593 0 0 0 0 0 0 0 0 0 0 0 0 0.850980401 0.9843137264 0.9843137264 0 0 0 0 0 0 0.5647059083 0.9843137264 0.9843137264 0.9843137264 0.8666666746 0.2392156869 0 0 0 0 0 0 0 0 0 0 0 0 0 0.850980401 0.9843137264 0.9843137264 0 0 0 0 0 0.7137255073 0.8666666746 0.9843137264 0.9843137264 0.9843137264 0.7058823705 0 0 0 0 0 0 0 0 0 0 0 0 0 0 0.8549019694 0.9921568632 0.9921568632 0.2862745225 0.2862745225 0.8941176534 0.9921568632 0.9921568632 1 0.9921568632 0.9921568632 0.9921568632 0.9921568632 0 0 0 0 0 0 0 0 0 0 0 0 0 0 0 0.4431372583 0.9843137264 0.9843137264 0.9921568632 0.9843137264 0.9843137264 0.9843137264 0.9843137264 0.9921568632 0.9843137264 0.9843137264 0.9843137264 0.5764706135 0 0 0 0 0 0 0 0 0 0 0 0 0 0 0 0.1215686277 0.9019607902 0.9843137264 0.9921568632 0.9843137264 0.9843137264 0.9843137264 0.9843137264 0.9921568632 0.9019607902 0.741176486 0.1372549087 0.03921568766 0 0 0 0 0 0 0 0 0 0 0 0 0 0 0 0 0.2431372553 0.5568627715 0.9921568632 0.9843137264 0.9843137264 0.9843137264 0.9843137264 0.9921568632 0.4196078479 0 0 0 0 0 0 0 0 0 0 0 0 0 0 0 0 0 0 0 0 0 0.2823529541 0.6823529601 0.9843137264 0.6784313917 0.2784313858 0.2823529541 0.1176470593 0 0 0 0 0 0 0 0 0 0 0 0 0 0 0 0 0 0 0 0 0 0 0 0 0 0 0 0 0 0 0 0 0 0 0 0 0 0 0 0 0 0 0 0 0 0 0 0 0 0 0 0 0 0 0 0 0 0 0 0 0 0 0 0 0 0 0 0 0 0 0 0 0 0 0 0 0 0 0 0 0 0 0 0 0 0 0 0 0 0 0 0 0 0 0 0 0 0 0 0 0 0 0 0 0 0 0 0 0 0 0 0 0 0 0 0 0 0 0 0 0 0 0
0 0 0 0 0 0 0 0 0 0 0 0 0 0 0 0 0 0 0 0 0 0 0 0 0 0 0 0 0 0 0 0 0 0 0 0 0 0 0 0 0 0 0 0 0 0 0 0 0 0 0 0 0 0 0 0 0 0 0 0 0 0 0 0 0 0 0 0 0 0 0 0 0 0 0 0 0 0 0 0 0 0 0 0 0 0 0 0 0 0 0 0 0 0 0 0 0 0 0 0 0 0 0 0 0 0 0 0 0 0 0 0 0 0 0 0 0 0 0 0 0 0 0 0 0 0 0 0 0.1490196139 0.9960784316 0.4274509847 0 0 0 0 0 0 0 0 0 0 0 0 0 0 0 0 0 0 0 0 0 0 0 0 0 0.3411764801 0.9882352948 0.3215686381 0 0 0 0 0 0 0 0 0 0 0 0 0 0 0 0 0 0 0 0 0 0 0 0 0 0.5294117928 0.9450980425 0 0 0 0 0 0 0 0 0 0 0 0 0 0 0 0 0 0 0 0 0 0 0 0 0 0.1764705926 0.9568627477 0.5882353187 0 0 0 0 0 0 0 0 0 0 0 0 0 0 0 0 0 0 0 0 0 0 0 0 0 0.3294117749 0.9960784316 0.2470588237 0 0 0 0 0 0 0 0 0 0 0 0 0 0 0 0 0 0 0 0 0 0 0 0 0 0.7921568751 0.8745098114 0.04313725606 0 0 0 0 0 0 0 0 0 0 0 0 0 0 0 0 0 0 0 0 0 0 0 0 0.1254902035 0.9960784316 0.8470588326 0 0 0 0 0 0 0 0 0 0 0 0 0 0 0 0 0 0 0 0 0 0 0 0 0 0.3725490272 0.9960784316 0.7647058964 0 0 0 0 0 0 0 0 0 0 0 0 0 0 0 0 0 0 0 0 0 0 0 0 0 0.5490196347 0.9960784316 0.3019607961 0 0 0 0 0 0 0 0 0 0 0 0 0 0 0 0 0 0 0 0 0 0 0 0 0.2235294133 0.9294117689 0.8039215803 0.03137255087 0 0 0 0 0 0 0 0 0 0 0 0 0 0 0 0 0 0 0 0 0 0 0 0 0.4862745106 1 0.6470588446 0 0 0 0 0 0 0 0 0 0 0 0 0 0 0 0 0 0 0 0 0 0 0 0 0 0.6705882549 0.9960784316 0.3176470697 0 0 0 0 0 0 0 0 0 0 0 0 0 0 0 0 0 0 0 0 0 0 0 0 0.0941176489 0.9098039269 0.8431372643 0 0 0 0 0 0 0 0 0 0 0 0 0 0 0 0 0 0 0 0 0 0 0 0 0 0.470588237 0.9960784316 0.6235294342 0 0 0 0 0 0 0 0 0 0 0 0 0 0 0 0 0 0 0 0 0 0 0 0 0 0.5921568871 0.9960784316 0.5568627715 0 0 0 0 0 0 0 0 0 0 0 0 0 0 0 0 0 0 0 0 0 0 0 0 0 0.8941176534 0.9960784316 0.2588235438 0 0 0 0 0 0 0 0 0 0 0 0 0 0 0 0 0 0 0 0 0 0 0 0 0.2392156869 0.9843137264 0.9960784316 0.2588235438 0 0 0 0 0 0 0 0 0 0 0 0 0 0 0 0 0 0 0 0 0 0 0 0 0.5529412031 0.9960784316 0.8039215803 0.01176470611 0 0 0 0 0 0 0 0 0 0 0 0 0 0 0 0 0 0 0 0 0 0 0 0.03921568766 0.8431372643 0.9960784316 0.4745098054 0 0 0 0 0 0 0 0 0 0 0 0 0 0 0 0 0 0 0 0 0 0 0 0 0.01960784383 0.7764706016 0.6901960969 0.03921568766 0 0 0 0 0 0 0 0 0 0 0 0 0 0 0 0 0 0 0 0 0 0 0 0 0 0 0 0 0 0 0 0 0 0 0 0 0 0 0 0 0 0 0 0 0 0 0 0 0 0 0 0 0 0 0 0 0 0 0 0 0 0 0 0 0 0 0 0 0 0 0 0 0 0 0 0 0 0 0 0 0 0 0 0 0 0 0 0 0 0 0 0 0 0 0 0 0 0 0 0 0 0 0 0 0 0 0 0 0 0 0 0 0 0 0 0 0 0 0 0 0 0 0 0 0 0
0 0 0 0 0 0 0 0 0 0 0 0 0 0 0 0 0 0 0 0 0 0 0 0 0 0 0 0 0 0 0 0 0 0 0 0 0 0 0 0 0 0 0 0 0 0 0 0 0 0 0 0 0 0 0 0 0 0 0 0 0 0 0 0 0 0 0 0 0 0 0 0 0 0 0 0 0 0 0 0 0 0 0 0 0 0 0 0 0 0 0 0 0 0 0.4549019635 0.490196079 0.6705882549 1 1 0.5882353187 0.3647058904 0 0 0 0 0 0 0 0 0 0 0 0 0 0 0 0 0 0 0 0 0.6627451181 0.9921568632 0.9921568632 0.9921568632 0.9921568632 0.9921568632 0.9921568632 0.8549019694 0.1176470593 0 0 0 0 0 0 0 0 0 0 0 0 0 0 0 0 0 0 0.6627451181 0.9921568632 0.9921568632 0.9921568632 0.8352941275 0.5568627715 0.6901960969 0.9921568632 0.9921568632 0.4784313738 0 0 0 0 0 0 0 0 0 0 0 0 0 0 0 0 0 0.2039215714 0.980392158 0.9921568632 0.8235294223 0.1254902035 0.04705882445 0 0.02352941222 0.8078431487 0.9921568632 0.5490196347 0 0 0 0 0 0 0 0 0 0 0 0 0 0 0 0 0 0.3019607961 0.9843137264 0.8235294223 0.09803921729 0 0 0 0.4784313738 0.9725490212 0.9921568632 0.2549019754 0 0 0 0 0 0 0 0 0 0 0 0 0 0 0 0 0 0 0.1215686277 0.07058823854 0 0 0 0 0.8196078539 0.9921568632 0.9921568632 0.2549019754 0 0 0 0 0 0 0 0 0 0 0 0 0 0 0 0 0 0 0 0 0 0 0 0.4588235319 0.9686274529 0.9921568632 0.7764706016 0.03921568766 0 0 0 0 0 0 0 0 0 0 0 0 0 0 0 0 0 0 0 0 0 0 0.2980392277 0.9686274529 0.9921568632 0.9058823586 0.2470588237 0 0 0 0 0 0 0 0 0 0 0 0 0 0 0 0 0 0 0 0 0 0 0 0.501960814 0.9921568632 0.9921568632 0.5647059083 0 0 0 0 0 0 0 0 0 0 0 0 0 0 0 0 0 0 0 0 0 0 0 0.6901960969 0.9647058845 0.9921568632 0.6235294342 0.04705882445 0 0 0 0 0 0 0 0 0 0 0 0 0 0 0 0 0 0 0 0 0 0 0.09803921729 0.9176470637 0.9921568632 0.9137254953 0.1372549087 0 0 0 0 0 0 0 0 0 0 0 0 0 0 0 0 0 0 0 0 0 0 0 0.7764706016 0.9921568632 0.9921568632 0.5529412031 0 0 0 0 0 0 0 0 0 0 0 0 0 0 0 0 0 0 0 0 0 0 0 0.3058823645 0.9725490212 0.9921568632 0.741176486 0.04705882445 0 0 0 0 0 0 0 0 0 0 0 0 0 0 0 0 0 0 0 0 0 0 0.07450980693 0.7843137383 0.9921568632 0.9921568632 0.5529412031 0 0 0 0 0 0 0 0 0 0 0 0 0 0 0 0 0 0 0 0 0 0 0 0.5254902244 0.9921568632 0.9921568632 0.6784313917 0.04705882445 0 0 0 0 0 0 0 0 0 0 0 0 0 0 0 0 0 0 0 0 0 0 0 0.9725490212 0.9921568632 0.9921568632 0.09803921729 0 0 0 0 0 0 0 0 0 0 0 0 0 0 0 0 0 0 0 0 0 0 0 0 0.9725490212 0.9921568632 0.9921568632 0.1686274558 0.07843137532 0.07843137532 0.07843137532 0.07843137532 0.01960784383 0 0.01960784383 0.07843137532 0.07843137532 0.1450980455 0.5882353187 0.5882353187 0.5882353187 0.5764706135 0.03921568766 0 0 0 0 0 0 0 0 0 0.9725490212 0.9921568632 0.9921568632 0.9921568632 0.9921568632 0.9921568632 0.9921568632 0.9921568632 0.6588235497 0.5607843399 0.650980413 0.9921568632 0.9921568632 0.9921568632 0.9921568632 0.9921568632 0.9921568632 0.9921568632 0.4823529422 0 0 0 0 0 0 0 0 0 0.6823529601 0.9921568632 0.9921568632 0.9921568632 0.9921568632 0.9921568632 0.9921568632 0.9921568632 0.9921568632 0.9921568632 0.9921568632 0.9921568632 0.9764705896 0.9686274529 0.9686274529 0.6627451181 0.4588235319 0.4588235319 0.2235294133 0 0 0 0 0 0 0 0 0 0 0.4627451003 0.4823529422 0.4823529422 0.4823529422 0.650980413 0.9921568632 0.9921568632 0.9921568632 0.6078431606 0.4823529422 0.4823529422 0.160784319 0 0 0 0 0 0 0 0 0 0 0 0 0 0 0 0 0 0 0 0 0 0 0 0 0 0 0 0 0 0 0 0 0 0 0 0 0 0 0 0 0 0 0 0 0 0 0 0 0 0 0 0 0 0 0 0 0 0 0 0 0 0 0 0 0 0 0 0 0 0 0 0 0 0 0 0 0 0 0 0 0 0 0 0 0 0 0 0 0 0 0 0 0 0 0 0 0 0 0 0 0 0 0 0 0 0 0 0 0 0 0 0 0 0 0 0 0 0 0 0 0 0 0 0 0 0 0 0 0 0 0 0 0 0 0 0 0 0 0 0 0 0 0 0 0 0 0
0 0 0 0 0 0 0 0 0 0 0 0 0 0 0 0 0 0 0 0 0 0 0 0 0 0 0 0 0 0 0 0 0 0 0 0 0 0 0 0 0 0 0 0 0 0 0 0 0 0 0 0 0 0 0 0 0 0 0 0 0 0 0 0 0 0 0 0 0 0 0 0 0 0 0 0 0 0 0 0 0 0 0 0 0 0 0 0 0 0 0 0 0 0 0 0 0 0 0 0 0 0 0 0 0 0 0 0 0 0 0 0 0 0 0 0 0 0 0.04705882445 0.160784319 0.5725490451 0.5725490451 0.1882352978 0 0 0 0 0 0 0 0 0 0 0 0 0 0 0 0 0 0 0 0 0 0 0.04705882445 0.5058823824 0.9921568632 0.9921568632 0.9921568632 0.980392158 0.6392157078 0.07058823854 0 0 0 0 0 0 0 0 0 0 0 0 0 0 0 0 0 0 0 0 0.521568656 0.9921568632 0.9921568632 0.9921568632 0.9921568632 0.9921568632 0.9921568632 0.8980392218 0.2745098174 0 0 0 0 0 0 0 0 0 0 0 0 0 0 0 0 0 0 0 0.3960784376 0.9921568632 0.9882352948 0.5686274767 0.400000006 0.4196078479 0.9294117689 0.9921568632 0.9686274529 0.501960814 0.03921568766 0 0 0 0 0 0 0 0 0 0 0 0 0 0 0 0 0 0.7098039389 0.9921568632 0.6549019814 0 0 0 0.2392156869 0.9215686321 0.9921568632 0.9921568632 0.6392157078 0.01960784383 0 0 0 0 0 0 0 0 0 0 0 0 0 0 0 0 1 0.9921568632 0.1686274558 0 0 0 0 0.2274509817 0.7568627596 0.9921568632 0.9921568632 0.6431372762 0.01568627544 0 0 0 0 0 0 0 0 0 0 0 0 0 0 0 0.7333333492 0.9921568632 0.1254902035 0 0 0 0 0 0.2156862766 0.9254902005 0.9921568632 0.9921568632 0.3372549117 0 0 0 0 0 0 0 0 0 0 0 0 0 0 0 0.5725490451 0.9921568632 0.1254902035 0 0.3921568692 0.7450980544 0.3411764801 0.3411764801 0.3411764801 0.5764706135 0.9921568632 0.9921568632 0.4823529422 0 0 0 0 0 0 0 0 0 0 0 0 0 0 0 0.3686274588 0.9921568632 0.3058823645 0.1568627506 0.9725490212 0.9921568632 0.9921568632 0.9921568632 0.9921568632 0.9921568632 0.9921568632 0.9921568632 0.8745098114 0.3294117749 0.05882352963 0 0 0 0 0 0 0 0 0 0 0 0 0 0.05490196124 0.360784322 0.04705882445 0.1372549087 0.9411764741 0.9921568632 0.9921568632 0.9921568632 0.9921568632 0.9921568632 0.9921568632 0.9921568632 0.9921568632 0.9921568632 0.9568627477 0.3490196168 0.03921568766 0 0 0 0 0 0 0 0 0 0 0 0 0 0 0 0.2941176593 0.631372571 0.7019608021 0.9921568632 0.9921568632 0.9921568632 0.9921568632 0.9921568632 0.9921568632 0.9921568632 0.9921568632 0.9921568632 0.8196078539 0.1686274558 0 0 0 0 0 0 0 0 0 0 0 0 0 0 0 0 0.01176470611 0.06274510175 0.06274510175 0.1529411823 0.1490196139 0.06274510175 0.06274510175 0.5686274767 0.9529411793 0.9921568632 0.9921568632 0.7254902124 0.1882352978 0 0 0 0 0 0 0 0 0 0 0 0 0 0.07843137532 0.2274509817 0 0 0 0 0 0 0 0 0.2274509817 0.8196078539 0.9921568632 0.9921568632 0.7176470757 0 0 0 0 0 0 0 0 0 0 0 0 0.3019607961 0.8666666746 0.9686274529 0.3098039329 0 0 0 0 0 0 0 0 0.05098039284 0.8588235378 0.9921568632 0.9411764741 0.2823529541 0 0 0 0 0 0 0 0 0 0 0 0.3529411852 0.9686274529 0.9921568632 0.9882352948 0.2235294133 0 0 0 0 0 0 0 0 0.2078431398 0.9843137264 0.9921568632 0.7490196228 0 0 0 0 0 0 0 0 0 0 0 0 0.4549019635 0.9921568632 0.9921568632 0.2313725501 0 0 0 0 0 0 0 0 0.3882353008 0.9882352948 0.9921568632 0.5686274767 0 0 0 0 0 0 0 0 0 0 0 0 0.05490196124 0.7372549176 0.9921568632 0.8666666746 0.6196078658 0.1490196139 0 0 0 0 0.4352941215 0.8274509907 0.9647058845 0.9921568632 0.9921568632 0.5686274767 0 0 0 0 0 0 0 0 0 0 0 0 0 0.04705882445 0.8666666746 0.9647058845 0.9921568632 0.9843137264 0.9764705896 0.9764705896 0.9764705896 0.9764705896 0.9921568632 0.9921568632 0.9921568632 0.9921568632 0.7843137383 0.07450980693 0 0 0 0 0 0 0 0 0 0 0 0 0 0 0 0.3725490272 0.7176470757 0.8941176534 0.9921568632 0.9921568632 0.9921568632 0.9921568632 0.9921568632 0.9921568632 0.7647058964 0.4862745106 0.09019608051 0 0 0 0 0 0 0 0 0 0 0 0 0 0 0 0 0 0 0.0941176489 0.1450980455 0.5411764979 0.2901960909 0.4941176474 0.3450980484 0.1450980455 0.02745098062 0 0 0 0 0 0 0 0 0 0 0 0 0 0 0 0 0 0 0 0 0 0 0 0 0 0 0 0 0 0 0 0 0 0 0 0 0 0 0 0 0 0 0 0 0 0 0 0 0 0 0 0 0 0 0 0 0 0 0 0 0 0 0 0 0 0 0 0 0 0 0 0 0 0 0 0 0 0 0 0 0 0 0 0 0 0 0 0 0 0 0 0 0 0 0 0 0 0 0 0 0 0 0 0 0 0 0 0 0 0 0 0 0 0 0 0 0 0
0 0 0 0 0 0 0 0 0 0 0 0 0 0 0 0 0 0 0 0 0 0 0 0 0 0 0 0 0 0 0 0 0 0 0 0 0 0 0 0 0 0 0 0 0 0 0 0 0 0 0 0 0 0 0 0 0 0 0 0 0 0 0 0 0 0 0 0 0 0 0 0 0 0 0 0 0 0 0 0 0 0 0 0 0 0 0 0 0 0 0 0 0 0 0 0 0 0 0 0 0 0 0 0 0 0 0 0 0 0 0 0 0 0 0 0 0 0 0 0 0 0 0 0 0 0 0 0 0 0 0 0 0 0 0 0 0 0 0 0 0 0 0 0 0 0 0 0 0 0 0.1960784346 0.8784313798 0 0 0 0 0 0 0 0.2745098174 0.1137254909 0 0 0 0 0 0 0 0 0 0 0 0 0 0 0 0 0 0.4745098054 0.9058823586 0 0 0 0 0 0 0 0.5803921819 0.6588235497 0 0 0 0 0 0 0 0 0 0 0 0 0 0 0 0 0.01568627544 0.7647058964 0.9058823586 0 0 0 0 0 0 0 0.3764705956 0.8235294223 0.04313725606 0 0 0 0 0 0 0 0 0 0 0 0 0 0 0 0.270588249 0.9882352948 0.5254902244 0 0 0 0 0 0 0 0.4470588267 0.9882352948 0.08235294372 0 0 0 0 0 0 0 0 0 0 0 0 0 0 0.1764705926 0.9254902005 0.850980401 0.04705882445 0 0 0 0 0 0 0 0.7529411912 0.9882352948 0.08235294372 0 0 0 0 0 0 0 0 0 0 0 0 0 0 0.6588235497 0.9686274529 0.2078431398 0 0 0 0 0 0 0 0.07058823854 1 0.9921568632 0.08235294372 0 0 0 0 0 0 0 0 0 0 0 0 0 0.3294117749 0.9490196109 0.8274509907 0 0 0 0 0 0 0 0 0.5529412031 0.9921568632 0.741176486 0.01960784383 0 0 0 0 0 0 0 0 0 0 0 0 0 0.6627451181 0.9882352948 0.4156862795 0 0 0 0 0 0 0 0.1254902035 0.9098039269 0.980392158 0.2588235438 0 0 0 0 0 0 0 0 0 0 0 0 0 0.05882352963 0.8823529482 0.9882352948 0 0 0 0 0 0 0 0 0.5254902244 0.9882352948 0.8274509907 0 0 0 0 0 0 0 0 0 0 0 0 0 0 0.08627451211 0.9882352948 0.6431372762 0 0 0 0 0 0 0 0 0.6627451181 0.9882352948 0.6549019814 0 0 0 0 0 0 0 0 0 0 0 0 0 0 0.03529411927 0.8000000119 0.8196078539 0.07058823854 0 0 0 0 0 0 0.08627451211 0.9921568632 0.9921568632 0.4196078479 0 0 0 0 0 0 0 0 0 0 0 0 0 0 0 0.6627451181 0.9882352948 0.78039217 0.3333333433 0.3333333433 0.3333333433 0.3333333433 0.5058823824 0.6431372762 0.7647058964 0.9882352948 0.9882352948 0.4156862795 0 0 0 0 0 0 0 0 0 0 0 0 0 0 0 0.160784319 0.6666666865 0.9607843161 0.9882352948 0.9882352948 0.9882352948 0.9882352948 0.9098039269 0.9058823586 0.9843137264 0.9882352948 0.9882352948 0.03529411927 0 0 0 0 0 0 0 0 0 0 0 0 0 0 0 0 0 0.1921568662 0.3294117749 0.3294117749 0.3294117749 0.3294117749 0 0 0.631372571 0.9882352948 0.9882352948 0 0 0 0 0 0 0 0 0 0 0 0 0 0 0 0 0 0 0 0 0 0 0 0 0 0.4980392158 0.9882352948 0.9882352948 0.1764705926 0 0 0 0 0 0 0 0 0 0 0 0 0 0 0 0 0 0 0 0 0 0 0 0 0.501960814 0.9921568632 0.9921568632 0 0 0 0 0 0 0 0 0 0 0 0 0 0 0 0 0 0 0 0 0 0 0 0 0 0.4980392158 0.9882352948 0.9882352948 0 0 0 0 0 0 0 0 0 0 0 0 0 0 0 0 0 0 0 0 0 0 0 0 0 0.5294117928 0.9882352948 0.9568627477 0 0 0 0 0 0 0 0 0 0 0 0 0 0 0 0 0 0 0 0 0 0 0 0 0 0.9098039269 0.9254902005 0.4352941215 0 0 0 0 0 0 0 0 0 0 0 0 0 0 0 0 0 0 0 0 0 0 0 0 0 0.7019608021 0.2588235438 0 0 0 0 0 0 0 0 0 0 0 0 0 0 0 0 0 0 0 0 0 0 0 0 0 0 0 0 0 0 0 0 0 0 0 0 0 0 0 0 0 0 0 0 0 0 0 0 0 0 0 0 0 0 0 0 0 0 0 0 0 0 0 0 0 0 0 0 0 0 0 0 0 0 0 0 0 0 0 0 0 0 0 0 0 0 0 0 0 0 0 0 0 0
0 0 0 0 0 0 0 0 0 0 0 0 0 0 0 0 0 0 0 0 0 0 0 0 0 0 0 0 0 0 0 0 0 0 0 0 0 0 0 0 0 0 0 0 0 0 0 0 0 0 0 0 0 0 0 0 0 0 0 0 0 0 0 0 0 0 0 0 0 0 0 0 0 0 0 0 0 0 0 0 0 0 0 0 0 0 0 0 0 0 0 0 0 0 0 0 0 0 0 0 0 0 0 0 0 0 0 0 0 0 0 0 0 0 0 0 0 0 0 0 0 0 0 0 0 0 0 0 0 0.06666667014 0.1843137294 0.1843137294 0.1843137294 0.06274510175 0.5058823824 0.3333333433 0.1843137294 0 0 0 0 0 0 0 0 0 0 0 0 0 0 0 0 0 0 0.2941176593 0.6000000238 0.850980401 0.9921568632 0.9921568632 0.9921568632 0.8431372643 0.9647058845 0.9921568632 0.9921568632 0 0 0 0 0 0 0 0 0 0 0 0 0 0 0 0.1372549087 0.5568627715 0.9568627477 0.9882352948 0.9921568632 0.9921568632 0.9921568632 0.9921568632 0.9921568632 0.9921568632 0.9921568632 0.9921568632 0.9921568632 0 0 0 0 0 0 0 0 0 0 0 0 0 0 0 0.2470588237 0.9921568632 0.9921568632 0.9921568632 0.9921568632 0.9921568632 0.9921568632 0.9921568632 0.8352941275 0.6666666865 0.6666666865 0.6666666865 0.6666666865 0 0 0 0 0 0 0 0 0 0 0 0.07843137532 0.5176470876 0.2823529541 0 0.2235294133 0.9333333373 0.890196085 0.9333333373 0.6588235497 0.4862745106 0.270588249 0.07843137532 0.04313725606 0 0 0 0 0 0 0 0 0 0 0 0 0 0 0.04313725606 0.8078431487 0.9921568632 0.3058823645 0 0 0.1254902035 0 0.1176470593 0.007843137719 0 0 0 0 0 0 0 0 0 0 0 0 0 0 0 0 0 0.02352941222 0.6941176653 0.9921568632 0.5176470876 0.03921568766 0 0 0 0 0 0 0 0 0 0 0 0 0 0 0 0 0 0 0 0 0 0 0.04705882445 0.521568656 0.9921568632 0.9137254953 0.05882352963 0 0 0 0 0 0 0 0 0 0 0 0 0 0 0 0 0 0 0 0 0 0 0 0.360784322 0.9921568632 0.8745098114 0.1098039225 0 0 0 0 0 0 0 0 0 0 0 0 0 0 0 0 0 0 0 0 0 0 0 0 0.5882353187 0.9921568632 0.6823529601 0 0 0 0 0 0 0 0 0 0 0 0 0 0 0 0 0 0 0 0 0 0 0 0 0 0.9176470637 0.9921568632 0.9647058845 0.4980392158 0.1921568662 0 0 0 0 0 0 0 0 0 0 0 0 0 0 0 0 0 0 0 0 0 0 0 1 0.9921568632 0.9921568632 0.9921568632 0.9843137264 0.5764706135 0.3568627536 0.4745098054 0.3333333433 0.1647058874 0.1647058874 0.3333333433 0.1098039225 0 0 0 0 0 0 0 0 0 0 0 0 0 0 0 0.5450980663 0.9921568632 0.9921568632 0.9921568632 0.9921568632 0.9921568632 0.9921568632 0.9921568632 0.9921568632 0.9921568632 0.9921568632 0.9921568632 0.9098039269 0.6588235497 0 0 0 0 0 0 0 0 0 0 0 0 0 0 0.01176470611 0.2078431398 0.8549019694 0.870588243 0.9843137264 0.9921568632 0.9921568632 0.9921568632 0.9921568632 0.9921568632 0.9921568632 0.9921568632 0.9921568632 0.9882352948 0.4862745106 0 0 0 0 0 0 0 0 0 0 0 0 0 0 0 0 0 0.2627451122 0.2823529541 0.7843137383 0.9921568632 0.9921568632 0.9921568632 0.9921568632 0.9921568632 0.9921568632 0.9921568632 0.6862745285 0 0 0 0 0 0 0 0 0 0 0 0 0 0 0 0 0 0 0 0.470588237 0.9921568632 0.9764705896 0.5960784554 0.200000003 0.6431372762 0.9921568632 0.9921568632 0.6862745285 0 0 0 0 0 0 0 0 0 0 0 0 0 0 0 0 0 0 0 0.1960784346 0.9921568632 0.9921568632 0.9921568632 0.7372549176 0.9882352948 0.9921568632 0.9921568632 0.5803921819 0 0 0 0 0 0 0 0 0 0 0 0 0 0 0 0 0 0 0 0.03529411927 0.6549019814 0.9921568632 0.9921568632 0.9921568632 0.9921568632 0.980392158 0.6862745285 0.04313725606 0 0 0 0 0 0 0 0 0 0 0 0 0 0 0 0 0 0 0 0 0.09019608051 0.7058823705 0.9058823586 0.9921568632 0.8666666746 0.501960814 0 0 0 0 0 0 0 0 0 0 0 0 0 0 0 0 0 0 0 0 0 0 0 0 0.3647058904 0.5843137503 0.08627451211 0 0 0 0 0 0 0 0 0 0 0 0 0 0 0 0 0 0 0 0 0 0 0 0 0 0 0 0 0 0 0 0 0 0 0 0 0 0 0 0 0 0 0 0 0 0 0 0 0 0 0 0 0 0 0 0 0 0 0 0 0 0 0 0 0 0 0 0 0 0 0 0 0 0 0 0 0 0 0 0 0 0 0 0 0 0 0 0 0 0 0 0 0 0 0 0 0 0 0 0 0 0 0 0 0 0 0 0 0 0 0 0 0 0 0 0 0 0 0 0 0 0 0
0 0 0 0 0 0 0 0 0 0 0 0 0 0 0 0 0 0 0 0 0 0 0 0 0 0 0 0 0 0 0 0 0 0 0 0 0 0 0 0 0 0 0 0 0 0 0 0 0 0 0 0 0 0 0 0 0 0 0 0 0 0 0 0 0 0 0 0 0 0 0 0 0 0 0 0 0 0 0 0 0 0 0 0 0 0 0 0 0 0 0 0 0 0 0.02745098062 0.8000000119 0.9921568632 0.6901960969 0 0 0 0 0 0 0 0 0 0 0 0 0 0 0 0 0 0 0 0 0 0 0 0.02745098062 0.5882353187 0.9882352948 0.9882352948 0.490196079 0 0 0 0 0 0 0 0 0 0 0 0 0 0 0 0 0 0 0 0 0 0 0 0.4588235319 0.9882352948 0.7294117808 0.2196078449 0 0 0 0 0 0 0 0 0 0 0 0 0 0 0 0 0 0 0 0 0 0 0 0 0.5529412031 0.9882352948 0.4627451003 0 0 0 0 0 0 0 0 0 0 0 0 0 0 0 0 0 0 0 0 0 0 0 0 0 0.6039215922 0.9686274529 0.1960784346 0 0 0 0 0 0 0 0 0 0 0 0 0 0 0 0 0 0 0 0 0 0 0 0 0.1019607857 0.9921568632 0.7686274648 0 0 0 0 0 0 0 0 0 0 0 0 0 0 0 0 0 0 0 0 0 0 0 0 0 0.5882353187 0.9921568632 0.7686274648 0 0 0 0 0 0 0 0.2235294133 0.3333333433 0.3333333433 0.1490196139 0 0 0 0 0 0 0 0 0 0 0 0 0 0 0.8823529482 0.9921568632 0.3764705956 0 0 0 0 0 0.5921568871 0.8862745166 0.9529411793 0.9882352948 0.9882352948 0.9333333373 0.490196079 0 0 0 0 0 0 0 0 0 0 0 0 0.03921568766 0.8980392218 0.8862745166 0 0 0 0.01568627544 0.2117647082 0.8980392218 0.9921568632 1 0.9176470637 0.6862745285 0.8823529482 1 0.8941176534 0.1215686277 0 0 0 0 0 0 0 0 0 0 0 0.4313725531 0.9882352948 0.5882353187 0 0 0.1019607857 0.501960814 0.9882352948 0.9882352948 0.890196085 0.5254902244 0.1098039225 0 0 0.6980392337 0.9882352948 0.2196078449 0 0 0 0 0 0 0 0 0 0 0 0.6235294342 0.9882352948 0.4431372583 0 0 0.5882353187 0.9921568632 0.9882352948 0.7294117808 0.1686274558 0 0 0 0 0.5529412031 0.9882352948 0.2196078449 0 0 0 0 0 0 0 0 0 0 0 0.7254902124 0.9882352948 0.4431372583 0 0.1490196139 0.9294117689 0.9921568632 0.5921568871 0.02352941222 0 0 0 0 0 0.5529412031 0.7921568751 0.02352941222 0 0 0 0 0 0 0 0 0 0 0 0.7764706016 0.9921568632 0.4470588267 0 0.5764706135 0.9921568632 0.6392157078 0 0 0 0 0 0 0 0.6039215922 0.7725490332 0 0 0 0 0 0 0 0 0 0 0 0 0.7725490332 0.9882352948 0.4431372583 0 0.6745098233 0.9882352948 0.7372549176 0 0 0 0 0 0 0.1019607857 0.9921568632 0.6705882549 0 0 0 0 0 0 0 0 0 0 0 0 0.7725490332 0.9882352948 0.4431372583 0 0.07450980693 0.9058823586 0.9686274529 0.4784313738 0.07450980693 0 0 0 0 0.7843137383 0.9568627477 0.2196078449 0 0 0 0 0 0 0 0 0 0 0 0.1019607857 0.870588243 0.9882352948 0.4431372583 0 0 0.09803921729 0.7960784435 0.9882352948 0.7568627596 0.05098039284 0 0.2980392277 0.7843137383 0.9764705896 0.490196079 0 0 0 0 0 0 0 0 0 0 0 0 0 0.7254902124 0.9921568632 0.7019608021 0.03921568766 0 0 0 0.2980392277 0.1372549087 0.1137254909 0.6039215922 0.9921568632 0.9568627477 0.490196079 0 0 0 0 0 0 0 0 0 0 0 0 0 0 0.1098039225 0.8196078539 0.9921568632 0.7686274648 0.3215686381 0.2235294133 0.2235294133 0.5137255192 0.7725490332 0.9882352948 0.9921568632 0.8392156959 0.3176470697 0 0 0 0 0 0 0 0 0 0 0 0 0 0 0 0 0.09803921729 0.8470588326 0.9882352948 0.9882352948 0.9882352948 0.9921568632 0.9882352948 0.9882352948 0.9882352948 0.611764729 0.07450980693 0 0 0 0 0 0 0 0 0 0 0 0 0 0 0 0 0 0 0.06274510175 0.4039215744 0.5450980663 0.9411764741 0.5490196347 0.5450980663 0.5450980663 0.1568627506 0 0 0 0 0 0 0 0 0 0 0 0 0 0 0 0 0 0 0 0 0 0 0 0 0 0 0 0 0 0 0 0 0 0 0 0 0 0 0 0 0 0 0 0 0 0 0 0 0 0 0 0 0 0 0 0 0 0 0 0 0 0 0 0 0 0 0 0 0 0 0 0 0 0 0 0 0 0 0 0 0 0 0 0 0 0 0 0 0 0 0 0 0 0 0 0 0 0 0 0 0 0 0 0 0 0 0 0 0 0 0 0 0 0 0 0 0 0 0 0 0 0 0 0 0 0 0 0 0 0 0 0 0 0 0 0 0 0 0 0 0 0 0 0 0 0 0 0 0 0 0
0 0 0 0 0 0 0 0 0 0 0 0 0 0 0 0 0 0 0 0 0 0 0 0 0 0 0 0 0 0 0 0 0 0 0 0 0 0 0 0 0 0 0 0 0 0 0 0 0 0 0 0 0 0 0 0 0 0 0 0 0 0 0 0 0 0 0 0 0 0 0 0 0 0 0 0 0 0 0 0 0 0 0 0 0 0 0 0 0 0 0 0 0 0 0 0 0 0 0 0 0 0 0 0 0 0 0 0 0 0 0 0 0 0 0 0 0 0 0 0 0 0 0 0 0 0 0 0 0 0 0 0 0 0 0 0 0 0 0 0 0 0 0 0 0 0 0 0 0 0 0 0 0 0 0 0 0 0 0 0 0 0 0 0 0 0 0 0 0 0 0 0 0 0 0 0 0 0 0 0 0 0 0 0 0 0 0 0 0 0 0 0 0 0 0 0 0 0 0 0 0 0 0.3294117749 0.7254902124 0.6235294342 0.5921568871 0.2352941185 0.1411764771 0 0 0 0 0 0 0 0 0 0 0 0 0 0 0 0 0 0 0 0 0 0 0.870588243 0.9960784316 0.9960784316 0.9960784316 0.9960784316 0.9450980425 0.7764706016 0.7764706016 0.7764706016 0.7764706016 0.7764706016 0.7764706016 0.7764706016 0.7764706016 0.6666666865 0.2039215714 0 0 0 0 0 0 0 0 0 0 0 0 0.2627451122 0.4470588267 0.2823529541 0.4470588267 0.6392157078 0.890196085 0.9960784316 0.8823529482 0.9960784316 0.9960784316 0.9960784316 0.980392158 0.8980392218 0.9960784316 0.9960784316 0.5490196347 0 0 0 0 0 0 0 0 0 0 0 0 0 0 0 0 0 0.06666667014 0.2588235438 0.05490196124 0.2627451122 0.2627451122 0.2627451122 0.2313725501 0.08235294372 0.9254902005 0.9960784316 0.4156862795 0 0 0 0 0 0 0 0 0 0 0 0 0 0 0 0 0 0 0 0 0 0 0 0 0.3254902065 0.9921568632 0.8196078539 0.07058823854 0 0 0 0 0 0 0 0 0 0 0 0 0 0 0 0 0 0 0 0 0 0 0 0.08627451211 0.9137254953 1 0.3254902065 0 0 0 0 0 0 0 0 0 0 0 0 0 0 0 0 0 0 0 0 0 0 0 0 0.5058823824 0.9960784316 0.9333333373 0.1725490242 0 0 0 0 0 0 0 0 0 0 0 0 0 0 0 0 0 0 0 0 0 0 0 0.2313725501 0.9764705896 0.9960784316 0.2431372553 0 0 0 0 0 0 0 0 0 0 0 0 0 0 0 0 0 0 0 0 0 0 0 0 0.521568656 0.9960784316 0.7333333492 0.01960784383 0 0 0 0 0 0 0 0 0 0 0 0 0 0 0 0 0 0 0 0 0 0 0 0.03529411927 0.8039215803 0.9725490212 0.2274509817 0 0 0 0 0 0 0 0 0 0 0 0 0 0 0 0 0 0 0 0 0 0 0 0 0.4941176474 0.9960784316 0.7137255073 0 0 0 0 0 0 0 0 0 0 0 0 0 0 0 0 0 0 0 0 0 0 0 0 0.2941176593 0.9843137264 0.9411764741 0.2235294133 0 0 0 0 0 0 0 0 0 0 0 0 0 0 0 0 0 0 0 0 0 0 0 0.07450980693 0.8666666746 0.9960784316 0.650980413 0 0 0 0 0 0 0 0 0 0 0 0 0 0 0 0 0 0 0 0 0 0 0 0.01176470611 0.7960784435 0.9960784316 0.8588235378 0.1372549087 0 0 0 0 0 0 0 0 0 0 0 0 0 0 0 0 0 0 0 0 0 0 0 0.1490196139 0.9960784316 0.9960784316 0.3019607961 0 0 0 0 0 0 0 0 0 0 0 0 0 0 0 0 0 0 0 0 0 0 0 0.1215686277 0.8784313798 0.9960784316 0.4509803951 0.003921568859 0 0 0 0 0 0 0 0 0 0 0 0 0 0 0 0 0 0 0 0 0 0 0 0.521568656 0.9960784316 0.9960784316 0.2039215714 0 0 0 0 0 0 0 0 0 0 0 0 0 0 0 0 0 0 0 0 0 0 0 0.2392156869 0.9490196109 0.9960784316 0.9960784316 0.2039215714 0 0 0 0 0 0 0 0 0 0 0 0 0 0 0 0 0 0 0 0 0 0 0 0.4745098054 0.9960784316 0.9960784316 0.8588235378 0.1568627506 0 0 0 0 0 0 0 0 0 0 0 0 0 0 0 0 0 0 0 0 0 0 0 0.4745098054 0.9960784316 0.8117647171 0.07058823854 0 0 0 0 0 0 0 0 0 0 0 0 0 0 0 0 0 0 0 0 0 0 0 0 0 0 0 0 0 0 0 0 0 0 0 0 0 0 0 0 0 0
0 0 0 0 0 0 0 0 0 0 0 0 0 0 0 0 0 0 0 0 0 0 0 0 0 0 0 0 0 0 0 0 0 0 0 0 0 0 0 0 0 0 0 0 0 0 0 0 0 0 0 0 0 0 0 0 0 0 0 0 0 0 0 0 0 0 0 0 0 0 0 0 0 0 0 0 0 0 0 0 0 0 0 0 0 0 0 0 0 0 0 0 0 0 0 0 0 0 0 0 0 0 0 0 0 0 0 0 0 0 0 0 0 0 0 0 0 0 0 0 0 0 0 0 0 0 0 0 0 0 0 0 0 0 0 0 0 0 0 0 0 0 0 0 0 0 0 0 0 0 0 0 0 0.1686274558 0.1843137294 0.1843137294 0 0 0 0 0 0 0 0 0 0 0 0 0 0 0 0 0 0 0 0 0 0 0 0.03529411927 0.4235294163 0.9764705896 0.9921568632 0.9921568632 0.8156862855 0.8117647171 0.8117647171 0.8117647171 0.5843137503 0.2549019754 0.05098039284 0 0 0 0 0 0 0 0 0 0 0 0 0 0 0 0.03529411927 0.721568644 0.9960784316 0.9921568632 0.9921568632 0.9921568632 0.9960784316 0.9921568632 0.9921568632 0.9921568632 0.9960784316 0.9921568632 0.8352941275 0.09803921729 0 0 0 0 0 0 0 0 0 0 0 0 0 0.2156862766 0.7960784435 0.9960784316 0.9960784316 0.78039217 0.4980392158 0.4980392158 0.2352941185 0.3647058904 0.3294117749 0.2666666806 0.5921568871 0.870588243 0.9960784316 0.631372571 0 0 0 0 0 0 0 0 0 0 0 0 0 0.5411764979 0.9921568632 0.9921568632 0.78039217 0.07450980693 0 0 0 0 0 0 0 0.6078431606 0.9921568632 0.8274509907 0 0 0 0 0 0 0 0 0 0 0 0 0 0.5411764979 0.9921568632 0.9921568632 0.06666667014 0 0 0 0 0 0 0 0.2901960909 0.9450980425 0.9921568632 0.8274509907 0 0 0 0 0 0 0 0 0 0 0 0 0 0.4117647111 0.9921568632 0.9921568632 0.400000006 0 0 0 0 0 0 0.1333333403 0.8980392218 0.9921568632 0.9921568632 0.6274510026 0 0 0 0 0 0 0 0 0 0 0 0 0 0 0.5843137503 0.9960784316 0.8980392218 0.1568627506 0 0 0 0.1490196139 0.6000000238 0.9960784316 0.9960784316 0.9960784316 0.7058823705 0.09803921729 0 0 0 0 0 0 0 0 0 0 0 0 0 0 0.07450980693 0.7764706016 0.9960784316 0.8117647171 0.03529411927 0.1333333403 0.2823529541 0.9215686321 0.9921568632 0.9921568632 0.8784313798 0.5450980663 0.05098039284 0 0 0 0 0 0 0 0 0 0 0 0 0 0 0 0 0.06666667014 0.8274509907 0.9921568632 0.8431372643 0.9411764741 0.9960784316 0.9921568632 0.9176470637 0.501960814 0.06666667014 0 0 0 0 0 0 0 0 0 0 0 0 0 0 0 0 0 0 0.400000006 0.8980392218 0.9921568632 0.9921568632 0.9921568632 0.8941176534 0.3019607961 0.05098039284 0 0 0 0 0 0 0 0 0 0 0 0 0 0 0 0 0 0.2745098174 0.6666666865 0.9960784316 0.9960784316 0.9960784316 0.9960784316 0.9960784316 0.9960784316 0.4666666687 0 0 0 0 0 0 0 0 0 0 0 0 0 0 0 0 0.1019607857 0.5098039508 0.9019607902 0.9960784316 0.9921568632 0.9921568632 0.7254902124 0.4509803951 0.250980407 0.8274509907 0.9921568632 0.9725490212 0.08235294372 0 0 0 0 0 0 0 0 0 0 0 0 0 0 0.650980413 0.9098039269 0.9921568632 0.9921568632 0.9686274529 0.6352941394 0.180392161 0.05098039284 0.02745098062 0.3568627536 0.9607843161 0.9921568632 0.9960784316 0.2196078449 0 0 0 0 0 0 0 0 0 0 0 0 0 0 0.501960814 0.9921568632 0.9921568632 0.9921568632 0.8235294223 0.3647058904 0.4980392158 0.6235294342 0.8000000119 0.9921568632 0.9921568632 0.9921568632 0.8941176534 0.05882352963 0 0 0 0 0 0 0 0 0 0 0 0 0 0 0 0.5254902244 0.9450980425 0.9960784316 1 0.9960784316 0.9960784316 0.9960784316 0.9960784316 0.9960784316 0.9960784316 0.8941176534 0.1333333403 0 0 0 0 0 0 0 0 0 0 0 0 0 0 0 0 0 0.1058823541 0.4509803951 0.5490196347 0.8078431487 0.8078431487 0.8078431487 0.8117647171 0.8078431487 0.4823529422 0.05882352963 0 0 0 0 0 0 0 0 0 0 0 0 0 0 0 0 0 0 0 0 0 0 0 0 0 0 0 0 0 0 0 0 0 0 0 0 0 0 0 0 0 0 0 0 0 0 0 0 0 0 0 0 0 0 0 0 0 0 0 0 0 0 0 0 0 0 0 0 0 0 0 0 0 0 0 0 0 0 0 0 0 0 0 0 0 0 0 0 0 0 0 0 0 0 0 0 0 0 0 0 0 0 0 0 0 0 0 0 0 0 0 0 0 0 0 0 0 0 0 0 0 0 0 0 0 0 0 0 0 0 0 0 0 0 0 0 0 0 0 0 0 0 0 0 0 0 0 0 0 0 0 0 0 0 0 0 0 0 0 0 0 0 0 0 0 0 0 0 0 0 0 0 0 0 0 0 0 0 0 0
0 0 0 0 0 0 0 0 0 0 0 0 0 0 0 0 0 0 0 0 0 0 0 0 0 0 0 0 0 0 0 0 0 0 0 0 0 0 0 0 0 0 0 0 0 0 0 0 0 0 0 0 0 0 0 0 0 0 0 0 0 0 0 0 0 0 0 0 0 0 0 0 0 0 0 0 0 0 0 0 0 0 0 0 0 0 0 0 0 0 0 0 0 0 0 0 0 0 0 0 0 0 0 0 0 0 0 0 0 0 0 0 0 0 0 0 0 0 0 0 0 0 0 0 0 0 0 0 0 0 0 0 0 0 0 0 0 0 0 0 0 0 0 0 0 0 0 0 0 0 0 0 0 0 0 0 0 0 0 0 0 0 0 0 0 0 0 0 0 0 0 0 0 0 0 0 0 0 0 0.05490196124 0.5843137503 0.7568627596 0.01960784383 0 0 0 0 0 0 0 0 0 0 0 0 0 0 0 0 0 0 0 0 0 0 0 0.3568627536 0.8784313798 0.9921568632 0.9921568632 0.07450980693 0 0 0 0 0 0 0 0 0 0 0 0 0 0 0 0 0 0 0 0 0 0 0.1098039225 0.9215686321 0.9960784316 0.9921568632 0.9921568632 0.650980413 0.07058823854 0 0 0 0 0 0 0 0 0 0 0 0 0 0 0 0 0 0 0 0 0 0.5647059083 0.9921568632 0.9960784316 0.9921568632 0.9921568632 0.9921568632 0.9333333373 0.4509803951 0.02352941222 0 0 0 0 0 0 0 0 0 0 0 0 0 0 0 0 0 0 0.1215686277 0.9450980425 0.9921568632 0.8156862855 0.7254902124 0.9921568632 0.9921568632 0.9921568632 0.9058823586 0.0941176489 0 0 0 0 0 0 0 0 0 0 0 0 0 0 0 0 0 0 0.3098039329 0.9960784316 0.7568627596 0 0.03137255087 0.3843137324 0.8588235378 0.9960784316 1 0.7882353067 0.07058823854 0 0 0 0 0 0 0 0 0 0 0 0 0 0 0 0 0 0.3372549117 0.9921568632 0.3137255013 0 0 0 0.7137255073 0.9921568632 0.9960784316 0.7490196228 0.04705882445 0 0 0 0 0 0 0 0 0 0 0 0 0 0 0 0 0 0.6862745285 0.9921568632 0.6078431606 0 0 0 0.9176470637 0.9921568632 0.9960784316 0.5294117928 0 0 0 0 0 0 0 0 0 0 0 0 0 0 0 0 0 0 0.3372549117 0.9921568632 0.8156862855 0.1568627506 0.3333333433 0.650980413 0.9843137264 0.9294117689 0.9960784316 0.9254902005 0.1647058874 0 0 0 0 0 0 0 0 0 0 0 0 0 0 0 0 0 0.07058823854 0.9333333373 0.9921568632 0.9960784316 0.9921568632 0.9921568632 0.7254902124 0.1411764771 0.8470588326 0.9921568632 0.5960784554 0 0 0 0 0 0 0 0 0 0 0 0 0 0 0 0 0 0 0.2666666806 0.9411764741 1 0.9960784316 0.5686274767 0.03137255087 0 0.5254902244 0.9960784316 0.8745098114 0.1372549087 0 0 0 0 0 0 0 0 0 0 0 0 0 0 0 0 0 0 0.2666666806 0.6196078658 0.5568627715 0.04705882445 0 0 0.03529411927 0.6862745285 0.9921568632 0.631372571 0 0 0 0 0 0 0 0 0 0 0 0 0 0 0 0 0 0 0 0 0 0 0 0 0 0.3450980484 0.9921568632 0.8862745166 0.07058823854 0 0 0 0 0 0 0 0 0 0 0 0 0 0 0 0 0 0 0 0 0 0 0 0 0.007843137719 0.650980413 0.9921568632 0.4941176474 0 0 0 0 0 0 0 0 0 0 0 0 0 0 0 0 0 0 0 0 0 0 0 0 0 0.1882352978 0.9607843161 0.9921568632 0.1490196139 0 0 0 0 0 0 0 0 0 0 0 0 0 0 0 0 0 0 0 0 0 0 0 0 0 0.4509803951 0.9960784316 0.6745098233 0.03529411927 0 0 0 0 0 0 0 0 0 0 0 0 0 0 0 0 0 0 0 0 0 0 0 0 0.08235294372 0.8549019694 0.9960784316 0.180392161 0 0 0 0 0 0 0 0 0 0 0 0 0 0 0 0 0 0 0 0 0 0 0 0 0 0.1176470593 0.9960784316 0.6470588446 0 0 0 0 0 0 0 0 0 0 0 0 0 0 0 0 0 0 0 0 0 0 0 0 0 0 0.7294117808 0.9568627477 0.1647058874 0 0 0 0 0 0 0 0 0 0 0 0 0 0 0 0 0 0 0 0 0 0 0 0 0 0.05490196124 0.8745098114 0.3058823645 0 0 0 0 0 0 0 0 0 0 0 0 0 0 0 0 0 0 0 0 0 0 0 0 0 0 0 0 0 0 0 0 0 0 0 0 0 0 0 0 0 0 0 0 0 0 0 0 0 0 0 0 0 0 0 0 0 0 0 0
